0  0  0  0  0  0  0  0  0  0  0  0  0  0  0  0  0  0  0  0  0  0  0  0  0  0  0  0  0  0  0  0  0  0  0  0  0  0
0  0  0  0  0  0  0  0  0  0  0  0  0  0  0  0  0  0  0  0  0  0  0  0  0  0  0  0  0  0  0  0  0  0  0  0  0  0
0  0  0  0  0  0  0  0  0  0  0  0  0  0  0  0  0  0  0  0  0  0  0  0  0  0  0  0  0  0  0  0  0  0  0  0  0  0
0  0  0  0  0  0  0  0  0  0  0  0  0  0  0  0  0  0  0  0  0  0  0  0  0  0  0  0  0  0  0  0  0  0  0  0  0  0
0  0  0  0  0  0  0  0  0  0  0  0  0  0  0  0  0  0  0  0  0  0  0  0  0  0  0  0  0  0  0  0  0  0  0  0  0  0
0  0  0  0  0  0  0  1  1  1  1  1  1  1  0  0  0  0  0  0  0  0  0  0  0  0  0  0  0  0  0  0  0  0  0  0  0  0
0  0  0  0  0  0  1  1  16 21 21 21 17 1  1  1  1  1  1  1  1  1  1  1  1  1  0  0  0  0  0  0  0  0  0  0  0  0
0  0  0  0  0  0  1  16 24 3  6  6  25 21 21 21 17 1  1  1  1  16 21 21 17 1  1  0  0  0  0  0  0  0  0  0  0  0
0  0  0  0  0  1  1  20 3  6  6  3  3  3  3  3  25 21 17 1  1  18 22 26 25 17 1  1  1  1  0  0  0  0  0  0  0  0
0  0  0  0  0  1  16 24 3  3  3  3  3  3  3  3  27 22 19 1  1  1  1  20 3  25 21 21 17 1  1  0  0  0  0  0  0  0
0  0  0  0  0  1  20 3  3  3  3  3  3  3  27 22 19 1  1  1  1  1  1  20 3  3  3  3  25 17 1  1  0  0  0  0  0  0
0  0  0  0  1  1  20 3  3  3  3  3  3  3  23 1  1  1  1  1  1  1  1  20 3  3  3  3  3  25 17 1  0  0  0  0  0  0
0  0  0  0  1  16 24 3  3  6  6  3  3  27 23 1  1  1  1  1  1  1  1  20 3  3  7  3  3  3  23 1  0  0  0  0  0  0
0  0  0  1  1  20 3  3  6  6  6  6  6  3  23 1  1  1  1  1  1  1  1  20 3  3  3  3  3  3  23 1  0  0  0  0  0  0
0  0  0  1  16 24 3  6  6  6  2  2  6  3  23 1  1  1  1  1  1  1  16 24 3  3  3  3  27 22 19 1  0  0  0  0  0  0
0  0  0  1  20 3  3  6  6  2  2  6  6  3  23 1  1  1  1  1  1  1  20 3  3  3  3  3  23 1  1  1  0  0  0  0  0  0
0  0  0  1  18 26 3  3  6  6  2  6  6  3  23 1  1  1  1  1  1  16 24 3  3  3  27 22 19 1  0  0  0  0  0  0  0  0
0  0  0  1  1  20 3  3  3  6  6  6  3  3  25 21 21 21 21 21 21 24 3  3  3  3  19 1  1  1  0  0  0  0  0  0  0  0
0  0  0  0  1  18 26 3  3  3  3  3  3  3  3  3  3  6  6  3  3  3  3  3  3  19 1  1  1  0  0  0  0  0  0  0  0  0
0  0  0  0  1  1  18 26 3  3  3  3  3  3  3  3  6  6  2  2  3  3  3  3  23 1  1  0  0  0  0  0  0  0  0  0  0  0
0  0  0  0  0  1  1  18 26 3  3  3  3  3  6  6  6  6  6  3  3  3  3  27 19 1  0  0  0  0  0  0  0  0  0  0  0  0
0  0  0  0  0  0  1  1  20 3  3  3  3  6  6  2  6  6  3  3  27 22 22 19 1  1  0  0  0  0  0  0  0  0  0  0  0  0
0  0  0  0  0  0  0  1  18 26 3  3  3  3  6  6  6  3  3  27 19 1  1  1  1  0  0  0  0  0  0  0  0  0  0  0  0  0
0  0  0  0  0  0  0  1  1  18 26 3  3  3  3  6  3  3  27 19 1  1  0  0  0  0  0  0  0  0  0  0  0  0  0  0  0  0
0  0  0  0  0  0  0  0  1  1  18 22 22 22 22 22 22 22 19 1  1  0  0  0  0  0  0  0  0  0  0  0  0  0  0  0  0  0
0  0  0  0  0  0  0  0  0  1  1  1  1  1  1  1  1  1  1  1  0  0  0  0  0  0  0  0  0  0  0  0  0  0  0  0  0  0
0  0  0  0  0  0  0  0  0  0  0  0  0  0  0  0  0  0  0  0  0  0  0  0  0  0  0  0  0  0  0  0  0  0  0  0  0  0
0  0  0  0  0  0  0  0  0  0  0  0  0  0  0  0  0  0  0  0  1  1  1  1  1  1  1  0  0  0  0  0  0  0  0  0  0  0 
0  0  0  0  0  0  0  0  0  0  0  0  0  0  0  0  0  0  0  0  1  16 21 21 21 17 1  1  1  1  0  0  0  0  0  0  0  0 
0  0  0  0  0  0  0  0  0  0  0  0  0  0  0  0  0  0  0  0  1  18 26 7  3  25 21 21 17 1  1  0  0  0  0  0  0  0 
0  0  0  0  0  0  0  0  0  0  0  0  0  0  0  0  0  0  0  0  1  1  20 3  3  3  3  3  23 1  1  0  0  0  0  0  0  0 
0  0  0  0  0  0  0  0  0  0  0  0  0  0  0  0  0  0  0  0  0  1  20 3  3  3  12 3  23 1  1  0  0  0  0  0  0  0 
0  0  0  0  0  0  0  0  0  0  0  0  0  0  0  0  0  0  0  0  0  1  20 3  3  3  3  3  23 1  1  0  0  0  0  0  0  0 
0  0  0  1  1  1  1  1  1  1  0  0  0  0  0  0  0  0  0  0  0  1  18 22 26 3  3  27 19 1  1  0  0  0  0  0  0  0 
0  0  0  1  16 21 21 17 1  1  1  1  1  1  1  1  1  1  1  1  0  1  1  1  18 22 22 19 1  1  0  0  0  0  0  0  0  0 
0  0  0  1  20 7  3  25 21 21 21 21 21 21 21 21 21 21 17 1  0  0  0  1  1  1  1  1  1  0  0  0  0  0  0  0  0  0
0  0  0  1  20 3  3  2  2  2  2  2  15 15 15 15 15 15 23 1  0  0  0  0  0  0  0  0  0  0  0  0  0  0  0  0  0  0
0  0  0  1  18 26 3  3  2  2  2  2  15 15 10 11 15 15 23 1  0  0  0  0  0  0  0  0  0  0  0  0  0  0  0  0  0  0
0  0  0  1  1  18 3  3  3  3  3  3  15 15 15 15 15 15 23 1  0  0  0  0  0  0  0  0  0  0  0  0  0  0  0  0  0  0
0  0  0  0  1  1  20 3  3  3  3  3  3  3  3  3  3  3  23 1  0  0  0  0  0  0  0  0  0  0  0  0  0  0  0  0  0  0
0  0  0  0  0  1  18 22 22 22 22 22 22 22 22 22 22 22 19 1  0  0  0  0  0  0  0  0  0  0  0  0  0  0  0  0  0  0
0  0  0  0  0  1  1  1  1  1  1  1  1  1  1  1  1  1  1  1  0  0  0  0  0  0  0  0  0  0  0  0  0  0  0  0  0  0
0  0  0  0  0  0  0  0  0  0  0  0  0  0  0  0  0  0  0  0  0  0  0  0  0  0  0  0  0  0  0  0  0  0  0  0  0  0
0  0  0  0  0  0  0  0  0  0  0  0  0  0  0  0  0  0  0  0  0  0  0  0  0  0  0  0  0  0  0  0  0  0  0  0  0  0
0  0  0  0  0  0  0  0  0  0  0  0  0  0  0  0  0  0  0  0  0  0  0  0  0  0  0  0  0  0  0  0  0  0  0  0  0  0
0  0  0  0  0  0  0  0  0  0  0  0  0  0  0  0  0  0  0  0  0  0  0  0  0  0  0  0  0  0  0  0  0  0  0  0  0  0
0  0  0  0  0  0  0  0  0  0  0  0  0  0  0  0  0  0  0  0  0  0  0  0  0  0  0  0  0  0  0  0  0  0  0  0  0  0
0  0  0  0  0  0  0  0  0  0  0  0  0  0  0  0  0  0  0  0  0  0  0  0  0  0  0  0  0  0  0  0  0  0  0  0  0  0