19 19 19 19 19 19 19 19 19 19 19 19 19 19 19 19 19
19 19 19 19 19 19 19 19 19 19 19 19 19 19 19 19 19
19 19 19  0  0 19 19 19 19 25 26 19 19 19 19 19 19
19 19  0 19 19 19 19 19 19 36 37 19 19 19 19 19 19
19  0 19 19 19 19 19 19 42 42 42 42 19 19 19 19 19
19  0  0  0  0 19 19 19 42 55 55 42 42 19 19 19 19
19  0 19 19 19  0 19 19 42 55 55 42 42 19 19 19 19
19  0 19 19 19  0 19 19 42 55 55 42 19 19 19 19 19
19 19  0  0  0 19 19 19 42 55 55 42 42 19 19 19 19
19 19 19 19 19 19 19 42 42 55 55 42 42 19 19 19 19
19 19 -1  1 19 -1 19 42 42 55 55 42 19 19 19 19 19
19 19 11 12 19 11 19 42 42 55 55 42 19 19 83 83 19
19 42 42 42 42 42 42 42 42 55 55 42 42 19 83 83 19
19 42 55 55 55 55 55 55 55 55 55 42 42 42 42 42 19
19 42 55 55 55 55 55 55 55 55 55 42 42 42 42 42 19
19 42 42 42 42 42 42 42 42 42 42 42 42 19 19 19 19
19 19 19 19 19 19 19 19 19 19 19 19 19 19 19 19 19
19 19 19 19 19 19 19 19 19 19 19 19 19 19 19 19 19
19 19 19 19 19 19 19 19 19 19 19 19 19 19 19 19 19
19 19 19 19 19 19 19 19 19 19 19 19 19 19 19 19 19
19 19 19 19 19 19 19 19 19 19 19 19 19 19 19 19 19
19 19 19 19 19 19 19 19 19 19 19 19 19 19 19 19 19
19 19 19 19 19 19 19 19 19 19 19 19 19 19 19 19 19
19 19 19 19 19 19 19 19 19 19 19 19 19 19 19 19 19
19 19 19 19 19 19 19 19 19 19 19 19 19 19 19 19 19
19 19 19 19 19 19 19 19 19 19 19 19 19 19 19 19 19
19 19 19 19 19 19 19 19 19 19 19 19 19 19 19 19 19
19 19 19 19 19 19 19 19 19 19 19 19 19 19 19 19 19
19 19 19 19 19 19 19 19 19 19 19 19 19 19 19 19 19
19 19 19 19 19 19 19 19 19 19 19 19 19 19 19 19 19
19 19 19 19 19 19 19 19 19 19 19 19 19 19 19 19 19
19 19 19 19 19 19 19 19 19 19 19 19 19 19 19 19 19
19 42 42 42 42 42 42 42 42 42 42 42 42 42 42 42 19
19 42 42 42 42 42 42 42 42 42 42 42 42 42 42 42 19
19 42 42 42 42 42 42 42 42 42 42 42 42 42 42 42 19
19 42 42 42 42 42 42 42 42 42 42 42 42 42 42 42 19
19 42 42 42 42 42 42 42 42 42 42 42 42 42 42 42 19
19 42 42 42 42 42 42 42 42 42 42 42 42 42 42 42 19
19 42 42 42 42 42 42 42 42 42 42 42 42 42 42 42 19
19 42 42 42 42 42 42 42 42 42 42 42 42 42 42 42 19
19 42 42 42 42 42 42 42 42 42 42 42 42 42 42 42 19
19 42 42 42 42 42 42 42 42 42 42 42 42 42 42 42 19
19 42 42 42 42 42 42 42 42 42 42 42 42 42 42 42 19
19 42 42 42 42 42 42 42 42 42 42 42 42 42 42 42 19
19 42 42 42 42 42 42 42 42 42 42 42 42 42 42 42 19
19 42 42 42 42 42 42 42 42 42 42 42 42 42 42 42 19
19 42 42 42 42 42 42 42 42 42 42 42 42 42 42 42 19
19 42 42 42 42 42 42 42 42 42 42 42 42 42 42 42 19
19 19 19 19 19 19 19 -2 -2 -2 19 19 19 19 19 19 19